29317 1.60943791243 1.67926190756 1.86479930822
34566 6.53087762773 0.895062959887 6.12377862701
29451 1.79175946923 0.947897043404 2.43808027724
105619 6.21860011969 0.957321297766 4.71153411812
101655 7.09007683578 0.896623284238 4.70893514833
50201 2.07944154168 0.865395329663 6.21856344443
90309 8.57319538153 0.870632713682 4.74304778309
106916 8.89686174448 0.887614418238 4.93576721363
63238 7.81681996576 0.740745834347 0.132178496643
95910 7.96450336355 0.862449912017 4.44911618563
16168 5.04342511692 1.59620535364 5.43662312734
21040 4.91998092583 0.936868482394 2.22389364597
44209 8.15248607578 0.845606437538 6.1362277115
37682 9.46094343619 0.720530034687 0.0392699081699
56627 4.35670882669 0.718143471468 0.0409942934708
86841 7.54486106866 0.983153392426 4.22678410274
43289 7.58629630715 0.778277743648 0.207447391431
107968 8.21419441485 0.832913705085 4.82163123266
108740 6.28599809451 0.831502257319 5.04295835497
25718 4.06044301055 0.965276333964 2.36495918463
98893 8.2252353241 0.868583348074 4.33437632074
21457 6.24997524226 0.918174086243 2.21529301248
101587 5.19295685089 0.999806102418 4.23840537756
10469 8.40267980463 0.663108702297 0.0760188627682
38632 9.79104647319 0.720239262834 6.2226805016
108905 1.94591014906 0.976472795649 4.21944377151
105069 11.2337537432 0.976404902341 4.21618087847
90225 6.52209279817 1.00842087307 4.34715300353
3954 7.94165125293 0.463725430142 0.181428022942
30323 9.13421498159 1.31105974364 1.80630477287
30838 1.60943791243 1.02586578801 2.11984305008
10601 8.14554963178 0.671350845156 0.17335098823
21370 1.60943791243 0.874279055555 2.0315149037
